               -487.9619410990
          0.000162606      -0.000000000      -0.000000000
         -0.000000000       0.000162606      -0.000000000
         -0.000000000      -0.000000000       0.000162606
          12
  3    -8       0.000000000       0.000000000       0.000000000  VO
  1     8      -0.000000000      -0.000000000      -0.000000000  O
  1     8      -0.000000000      -0.000000000       0.000000000  O
  1     8       0.000000000       0.000000000      -0.000000000  O
  1     8      -0.000000000      -0.000000000      -0.000000000  O
  1     8       0.000000000      -0.000000000       0.000000000  O
  1     8      -0.000000000      -0.000000000      -0.000000000  O
  1     8      -0.000000000       0.000000000       0.000000000  O
  2    40      -0.005664592      -0.005664593      -0.005664592  Zr
  2    40      -0.005664592       0.005664593       0.005664593  Zr
  2    40       0.005664592      -0.005664593       0.005664593  Zr
  2    40       0.005664592       0.005664593      -0.005664592  Zr
