               -487.9619411083
          0.000162524      -0.000000000      -0.000000000
         -0.000000000       0.000162524      -0.000000000
         -0.000000000      -0.000000000       0.000162524
          12
  3    -8       0.000000000       0.000000000       0.000000000  VO
  1     8      -0.000000000      -0.000000000      -0.000000000  O
  1     8      -0.000000000      -0.000000000      -0.000000000  O
  1     8      -0.000000000      -0.000000000      -0.000000000  O
  1     8      -0.000000000      -0.000000000      -0.000000000  O
  1     8      -0.000000000      -0.000000000      -0.000000000  O
  1     8      -0.000000000      -0.000000000      -0.000000000  O
  1     8      -0.000000000      -0.000000000      -0.000000000  O
  2    40      -0.005666871      -0.005666871      -0.005666871  Zr
  2    40      -0.005666871       0.005666871       0.005666871  Zr
  2    40       0.005666871      -0.005666871       0.005666871  Zr
  2    40       0.005666871       0.005666871      -0.005666871  Zr
