               -487.9619411074
          0.000162462      -0.000000000      -0.000000000
         -0.000000000       0.000162462      -0.000000000
         -0.000000000      -0.000000000       0.000162462
          12
  3    -8      -0.000000000      -0.000000000      -0.000000000  VO
  1     8      -0.000000000      -0.000000000      -0.000000000  O
  1     8      -0.000000000      -0.000000000      -0.000000000  O
  1     8      -0.000000000      -0.000000000      -0.000000000  O
  1     8      -0.000000000      -0.000000000      -0.000000000  O
  1     8      -0.000000000      -0.000000000      -0.000000000  O
  1     8      -0.000000000      -0.000000000      -0.000000000  O
  1     8      -0.000000000      -0.000000000      -0.000000000  O
  2    40      -0.005666881      -0.005666881      -0.005666881  Zr
  2    40      -0.005666881       0.005666881       0.005666881  Zr
  2    40       0.005666881      -0.005666881       0.005666881  Zr
  2    40       0.005666881       0.005666881      -0.005666881  Zr
