               -487.9619411085
          0.000162504      -0.000000000      -0.000000000
         -0.000000000       0.000162504      -0.000000000
         -0.000000000      -0.000000000       0.000162504
          12
  3    -8      -0.000000000      -0.000000000      -0.000000000  VO
  1     8      -0.000000000      -0.000000000      -0.000000000  O
  1     8      -0.000000000      -0.000000000      -0.000000000  O
  1     8      -0.000000000      -0.000000000      -0.000000000  O
  1     8      -0.000000000      -0.000000000      -0.000000000  O
  1     8      -0.000000000      -0.000000000      -0.000000000  O
  1     8      -0.000000000      -0.000000000      -0.000000000  O
  1     8      -0.000000000      -0.000000000      -0.000000000  O
  2    40      -0.005665957      -0.005665957      -0.005665957  Zr
  2    40      -0.005665957       0.005665957       0.005665957  Zr
  2    40       0.005665957      -0.005665957       0.005665957  Zr
  2    40       0.005665957       0.005665957      -0.005665957  Zr
