     1  1  0.00274348      41
     1  2  0.00274348      41
     2  1  0.00274348      41
     2  2  0.00274348      41
     3  1  0.00274348      41
     3  2  0.00274348      41
     4  1  0.00274348      41
     4  2  0.00274348      41
     5  1  0.00274348      41
     5  2  0.00274348      41
     6  1  0.00274348      41
     6  2  0.00274348      41
     7  1  0.00274348      41
     7  2  0.00274348      41
     8  1  0.00274348      41
     8  2  0.00274348      41
     9  1  0.00274348      41
     9  2  0.00274348      41
    10  1  0.00274348      41
    10  2  0.00274348      41
    11  1  0.00274348      41
    11  2  0.00274348      41
    12  1  0.00274348      41
    12  2  0.00274348      41
    13  1  0.00274348      41
    13  2  0.00274348      41
    14  1  0.00274348      41
    14  2  0.00274348      41
    15  1  0.00274348      41
    15  2  0.00274348      41
    16  1  0.00274348      41
    16  2  0.00274348      41
    17  1  0.00274348      41
    17  2  0.00274348      41
    18  1  0.00274348      41
    18  2  0.00274348      41
    19  1  0.00274348      41
    19  2  0.00274348      41
    20  1  0.00274348      41
    20  2  0.00274348      41
    21  1  0.00274348      41
    21  2  0.00274348      41
    22  1  0.00274348      41
    22  2  0.00274348      41
    23  1  0.00274348      41
    23  2  0.00274348      41
    24  1  0.00274348      41
    24  2  0.00274348      41
    25  1  0.00274348      41
    25  2  0.00274348      41
    26  1  0.00274348      41
    26  2  0.00274348      41
    27  1  0.00274348      41
    27  2  0.00274348      41
    28  1  0.00274348      41
    28  2  0.00274348      41
    29  1  0.00274348      41
    29  2  0.00274348      41
    30  1  0.00274348      41
    30  2  0.00274348      41
    31  1  0.00274348      41
    31  2  0.00274348      41
    32  1  0.00274348      41
    32  2  0.00274348      41
    33  1  0.00274348      41
    33  2  0.00274348      41
    34  1  0.00274348      41
    34  2  0.00274348      41
    35  1  0.00274348      41
    35  2  0.00274348      41
    36  1  0.00274348      41
    36  2  0.00274348      41
    37  1  0.00274348      41
    37  2  0.00274348      41
    38  1  0.00274348      41
    38  2  0.00274348      41
    39  1  0.00274348      41
    39  2  0.00274348      41
    40  1  0.00274348      41
    40  2  0.00274348      41
    41  1  0.00137174      41
    41  2  0.00137174      41
    42  1  0.00274348      41
    42  2  0.00274348      41
    43  1  0.00274348      41
    43  2  0.00274348      41
    44  1  0.00274348      41
    44  2  0.00274348      41
    45  1  0.00274348      41
    45  2  0.00274348      41
    46  1  0.00274348      41
    46  2  0.00274348      41
    47  1  0.00274348      41
    47  2  0.00274348      41
    48  1  0.00274348      41
    48  2  0.00274348      41
    49  1  0.00274348      41
    49  2  0.00274348      41
    50  1  0.00274348      41
    50  2  0.00274348      41
    51  1  0.00274348      41
    51  2  0.00274348      41
    52  1  0.00274348      41
    52  2  0.00274348      41
    53  1  0.00274348      41
    53  2  0.00274348      41
    54  1  0.00274348      41
    54  2  0.00274348      41
    55  1  0.00274348      41
    55  2  0.00274348      41
    56  1  0.00274348      41
    56  2  0.00274348      41
    57  1  0.00274348      41
    57  2  0.00274348      41
    58  1  0.00274348      41
    58  2  0.00274348      41
    59  1  0.00274348      41
    59  2  0.00274348      41
    60  1  0.00274348      41
    60  2  0.00274348      41
    61  1  0.00274348      41
    61  2  0.00274348      41
    62  1  0.00274348      41
    62  2  0.00274348      41
    63  1  0.00274348      41
    63  2  0.00274348      41
    64  1  0.00274348      41
    64  2  0.00274348      41
    65  1  0.00274348      41
    65  2  0.00274348      41
    66  1  0.00274348      41
    66  2  0.00274348      41
    67  1  0.00274348      41
    67  2  0.00274348      41
    68  1  0.00274348      41
    68  2  0.00274348      41
    69  1  0.00274348      41
    69  2  0.00274348      41
    70  1  0.00274348      41
    70  2  0.00274348      41
    71  1  0.00274348      41
    71  2  0.00274348      41
    72  1  0.00274348      41
    72  2  0.00274348      41
    73  1  0.00274348      41
    73  2  0.00274348      41
    74  1  0.00274348      41
    74  2  0.00274348      41
    75  1  0.00274348      41
    75  2  0.00274348      41
    76  1  0.00274348      41
    76  2  0.00274348      41
    77  1  0.00274348      41
    77  2  0.00274348      41
    78  1  0.00274348      41
    78  2  0.00274348      41
    79  1  0.00274348      41
    79  2  0.00274348      41
    80  1  0.00274348      41
    80  2  0.00274348      41
    81  1  0.00274348      41
    81  2  0.00274348      41
    82  1  0.00274348      41
    82  2  0.00274348      41
    83  1  0.00274348      41
    83  2  0.00274348      41
    84  1  0.00274348      41
    84  2  0.00274348      41
    85  1  0.00274348      41
    85  2  0.00274348      41
    86  1  0.00274348      41
    86  2  0.00274348      41
    87  1  0.00274348      41
    87  2  0.00274348      41
    88  1  0.00274348      41
    88  2  0.00274348      41
    89  1  0.00274348      41
    89  2  0.00274348      41
    90  1  0.00274348      41
    90  2  0.00274348      41
    91  1  0.00274348      41
    91  2  0.00274348      41
    92  1  0.00274348      41
    92  2  0.00274348      41
    93  1  0.00274348      41
    93  2  0.00274348      41
    94  1  0.00274348      41
    94  2  0.00274348      41
    95  1  0.00274348      41
    95  2  0.00274348      41
    96  1  0.00274348      41
    96  2  0.00274348      41
    97  1  0.00274348      41
    97  2  0.00274348      41
    98  1  0.00274348      41
    98  2  0.00274348      41
    99  1  0.00274348      41
    99  2  0.00274348      41
   100  1  0.00274348      41
   100  2  0.00274348      41
   101  1  0.00274348      41
   101  2  0.00274348      41
   102  1  0.00274348      41
   102  2  0.00274348      41
   103  1  0.00274348      41
   103  2  0.00274348      41
   104  1  0.00274348      41
   104  2  0.00274348      41
   105  1  0.00274348      41
   105  2  0.00274348      41
   106  1  0.00274348      41
   106  2  0.00274348      41
   107  1  0.00274348      41
   107  2  0.00274348      41
   108  1  0.00274348      41
   108  2  0.00274348      41
   109  1  0.00274348      41
   109  2  0.00274348      41
   110  1  0.00274348      41
   110  2  0.00274348      41
   111  1  0.00274348      41
   111  2  0.00274348      41
   112  1  0.00274348      41
   112  2  0.00274348      41
   113  1  0.00274348      41
   113  2  0.00274348      41
   114  1  0.00274348      41
   114  2  0.00274348      41
   115  1  0.00274348      41
   115  2  0.00274348      41
   116  1  0.00274348      41
   116  2  0.00274348      41
   117  1  0.00274348      41
   117  2  0.00274348      41
   118  1  0.00274348      41
   118  2  0.00274348      41
   119  1  0.00274348      41
   119  2  0.00274348      41
   120  1  0.00274348      41
   120  2  0.00274348      41
   121  1  0.00274348      41
   121  2  0.00274348      41
   122  1  0.00274348      41
   122  2  0.00274348      41
   123  1  0.00274348      41
   123  2  0.00274348      41
   124  1  0.00274348      41
   124  2  0.00274348      41
   125  1  0.00274348      41
   125  2  0.00274348      41
   126  1  0.00274348      41
   126  2  0.00274348      41
   127  1  0.00274348      41
   127  2  0.00274348      41
   128  1  0.00274348      41
   128  2  0.00274348      41
   129  1  0.00274348      41
   129  2  0.00274348      41
   130  1  0.00274348      41
   130  2  0.00274348      41
   131  1  0.00274348      41
   131  2  0.00274348      41
   132  1  0.00274348      41
   132  2  0.00274348      41
   133  1  0.00274348      41
   133  2  0.00274348      41
   134  1  0.00274348      41
   134  2  0.00274348      41
   135  1  0.00274348      41
   135  2  0.00274348      41
   136  1  0.00274348      41
   136  2  0.00274348      41
   137  1  0.00274348      41
   137  2  0.00274348      41
   138  1  0.00274348      41
   138  2  0.00274348      41
   139  1  0.00274348      41
   139  2  0.00274348      41
   140  1  0.00274348      41
   140  2  0.00274348      41
   141  1  0.00274348      41
   141  2  0.00274348      41
   142  1  0.00274348      41
   142  2  0.00274348      41
   143  1  0.00274348      41
   143  2  0.00274348      41
   144  1  0.00274348      41
   144  2  0.00274348      41
   145  1  0.00274348      41
   145  2  0.00274348      41
   146  1  0.00274348      41
   146  2  0.00274348      41
   147  1  0.00274348      41
   147  2  0.00274348      41
   148  1  0.00274348      41
   148  2  0.00274348      41
   149  1  0.00274348      41
   149  2  0.00274348      41
   150  1  0.00274348      41
   150  2  0.00274348      41
   151  1  0.00274348      41
   151  2  0.00274348      41
   152  1  0.00274348      41
   152  2  0.00274348      41
   153  1  0.00274348      41
   153  2  0.00274348      41
   154  1  0.00274348      41
   154  2  0.00274348      41
   155  1  0.00274348      41
   155  2  0.00274348      41
   156  1  0.00274348      41
   156  2  0.00274348      41
   157  1  0.00274348      41
   157  2  0.00274348      41
   158  1  0.00274348      41
   158  2  0.00274348      41
   159  1  0.00274348      41
   159  2  0.00274348      41
   160  1  0.00274348      41
   160  2  0.00274348      41
   161  1  0.00274348      41
   161  2  0.00274348      41
   162  1  0.00274348      41
   162  2  0.00274348      41
   163  1  0.00274348      41
   163  2  0.00274348      41
   164  1  0.00274348      41
   164  2  0.00274348      41
   165  1  0.00274348      41
   165  2  0.00274348      41
   166  1  0.00274348      41
   166  2  0.00274348      41
   167  1  0.00274348      41
   167  2  0.00274348      41
   168  1  0.00274348      41
   168  2  0.00274348      41
   169  1  0.00274348      41
   169  2  0.00274348      41
   170  1  0.00274348      41
   170  2  0.00274348      41
   171  1  0.00274348      41
   171  2  0.00274348      41
   172  1  0.00274348      41
   172  2  0.00274348      41
   173  1  0.00274348      41
   173  2  0.00274348      41
   174  1  0.00274348      41
   174  2  0.00274348      41
   175  1  0.00274348      41
   175  2  0.00274348      41
   176  1  0.00274348      41
   176  2  0.00274348      41
   177  1  0.00274348      41
   177  2  0.00274348      41
   178  1  0.00274348      41
   178  2  0.00274348      41
   179  1  0.00274348      41
   179  2  0.00274348      41
   180  1  0.00274348      41
   180  2  0.00274348      41
   181  1  0.00274348      41
   181  2  0.00274348      41
   182  1  0.00274348      41
   182  2  0.00274348      41
   183  1  0.00274348      41
   183  2  0.00274348      41
   184  1  0.00274348      41
   184  2  0.00274348      41
   185  1  0.00274348      41
   185  2  0.00274348      41
   186  1  0.00274348      41
   186  2  0.00274348      41
   187  1  0.00274348      41
   187  2  0.00274348      41
   188  1  0.00274348      41
   188  2  0.00274348      41
   189  1  0.00274348      41
   189  2  0.00274348      41
   190  1  0.00274348      41
   190  2  0.00274348      41
   191  1  0.00274348      41
   191  2  0.00274348      41
   192  1  0.00274348      41
   192  2  0.00274348      41
   193  1  0.00274348      41
   193  2  0.00274348      41
   194  1  0.00274348      41
   194  2  0.00274348      41
   195  1  0.00274348      41
   195  2  0.00274348      41
   196  1  0.00274348      41
   196  2  0.00274348      41
   197  1  0.00274348      41
   197  2  0.00274348      41
   198  1  0.00274348      41
   198  2  0.00274348      41
   199  1  0.00274348      41
   199  2  0.00274348      41
   200  1  0.00274348      41
   200  2  0.00274348      41
   201  1  0.00274348      41
   201  2  0.00274348      41
   202  1  0.00274348      41
   202  2  0.00274348      41
   203  1  0.00274348      41
   203  2  0.00274348      41
   204  1  0.00274348      41
   204  2  0.00274348      41
   205  1  0.00274348      41
   205  2  0.00274348      41
   206  1  0.00274348      41
   206  2  0.00274348      41
   207  1  0.00274348      41
   207  2  0.00274348      41
   208  1  0.00274348      41
   208  2  0.00274348      41
   209  1  0.00274348      41
   209  2  0.00274348      41
   210  1  0.00274348      41
   210  2  0.00274348      41
   211  1  0.00274348      41
   211  2  0.00274348      41
   212  1  0.00274348      41
   212  2  0.00274348      41
   213  1  0.00274348      41
   213  2  0.00274348      41
   214  1  0.00274348      41
   214  2  0.00274348      41
   215  1  0.00274348      41
   215  2  0.00274348      41
   216  1  0.00274348      41
   216  2  0.00274348      41
   217  1  0.00274348      41
   217  2  0.00274348      41
   218  1  0.00274348      41
   218  2  0.00274348      41
   219  1  0.00274348      41
   219  2  0.00274348      41
   220  1  0.00274348      41
   220  2  0.00274348      41
   221  1  0.00274348      41
   221  2  0.00274348      41
   222  1  0.00274348      41
   222  2  0.00274348      41
   223  1  0.00274348      41
   223  2  0.00274348      41
   224  1  0.00274348      41
   224  2  0.00274348      41
   225  1  0.00274348      41
   225  2  0.00274348      41
   226  1  0.00274348      41
   226  2  0.00274348      41
   227  1  0.00274348      41
   227  2  0.00274348      41
   228  1  0.00274348      41
   228  2  0.00274348      41
   229  1  0.00274348      41
   229  2  0.00274348      41
   230  1  0.00274348      41
   230  2  0.00274348      41
   231  1  0.00274348      41
   231  2  0.00274348      41
   232  1  0.00274348      41
   232  2  0.00274348      41
   233  1  0.00274348      41
   233  2  0.00274348      41
   234  1  0.00274348      41
   234  2  0.00274348      41
   235  1  0.00274348      41
   235  2  0.00274348      41
   236  1  0.00274348      41
   236  2  0.00274348      41
   237  1  0.00274348      41
   237  2  0.00274348      41
   238  1  0.00274348      41
   238  2  0.00274348      41
   239  1  0.00274348      41
   239  2  0.00274348      41
   240  1  0.00274348      41
   240  2  0.00274348      41
   241  1  0.00274348      41
   241  2  0.00274348      41
   242  1  0.00274348      41
   242  2  0.00274348      41
   243  1  0.00274348      41
   243  2  0.00274348      41
   244  1  0.00274348      41
   244  2  0.00274348      41
   245  1  0.00274348      41
   245  2  0.00274348      41
   246  1  0.00274348      41
   246  2  0.00274348      41
   247  1  0.00274348      41
   247  2  0.00274348      41
   248  1  0.00274348      41
   248  2  0.00274348      41
   249  1  0.00274348      41
   249  2  0.00274348      41
   250  1  0.00274348      41
   250  2  0.00274348      41
   251  1  0.00274348      41
   251  2  0.00274348      41
   252  1  0.00274348      41
   252  2  0.00274348      41
   253  1  0.00274348      41
   253  2  0.00274348      41
   254  1  0.00274348      41
   254  2  0.00274348      41
   255  1  0.00274348      41
   255  2  0.00274348      41
   256  1  0.00274348      41
   256  2  0.00274348      41
   257  1  0.00274348      41
   257  2  0.00274348      41
   258  1  0.00274348      41
   258  2  0.00274348      41
   259  1  0.00274348      41
   259  2  0.00274348      41
   260  1  0.00274348      41
   260  2  0.00274348      41
   261  1  0.00274348      41
   261  2  0.00274348      41
   262  1  0.00274348      41
   262  2  0.00274348      41
   263  1  0.00274348      41
   263  2  0.00274348      41
   264  1  0.00274348      41
   264  2  0.00274348      41
   265  1  0.00274348      41
   265  2  0.00274348      41
   266  1  0.00274348      41
   266  2  0.00274348      41
   267  1  0.00274348      41
   267  2  0.00274348      41
   268  1  0.00274348      41
   268  2  0.00274348      41
   269  1  0.00274348      41
   269  2  0.00274348      41
   270  1  0.00274348      41
   270  2  0.00274348      41
   271  1  0.00274348      41
   271  2  0.00274348      41
   272  1  0.00274348      41
   272  2  0.00274348      41
   273  1  0.00274348      41
   273  2  0.00274348      41
   274  1  0.00274348      41
   274  2  0.00274348      41
   275  1  0.00274348      41
   275  2  0.00274348      41
   276  1  0.00274348      41
   276  2  0.00274348      41
   277  1  0.00274348      41
   277  2  0.00274348      41
   278  1  0.00274348      41
   278  2  0.00274348      41
   279  1  0.00274348      41
   279  2  0.00274348      41
   280  1  0.00274348      41
   280  2  0.00274348      41
   281  1  0.00274348      41
   281  2  0.00274348      41
   282  1  0.00274348      41
   282  2  0.00274348      41
   283  1  0.00274348      41
   283  2  0.00274348      41
   284  1  0.00274348      41
   284  2  0.00274348      41
   285  1  0.00274348      41
   285  2  0.00274348      41
   286  1  0.00274348      41
   286  2  0.00274348      41
   287  1  0.00274348      41
   287  2  0.00274348      41
   288  1  0.00274348      41
   288  2  0.00274348      41
   289  1  0.00274348      41
   289  2  0.00274348      41
   290  1  0.00274348      41
   290  2  0.00274348      41
   291  1  0.00274348      41
   291  2  0.00274348      41
   292  1  0.00274348      41
   292  2  0.00274348      41
   293  1  0.00274348      41
   293  2  0.00274348      41
   294  1  0.00274348      41
   294  2  0.00274348      41
   295  1  0.00274348      41
   295  2  0.00274348      41
   296  1  0.00274348      41
   296  2  0.00274348      41
   297  1  0.00274348      41
   297  2  0.00274348      41
   298  1  0.00274348      41
   298  2  0.00274348      41
   299  1  0.00274348      41
   299  2  0.00274348      41
   300  1  0.00274348      41
   300  2  0.00274348      41
   301  1  0.00274348      41
   301  2  0.00274348      41
   302  1  0.00274348      41
   302  2  0.00274348      41
   303  1  0.00274348      41
   303  2  0.00274348      41
   304  1  0.00274348      41
   304  2  0.00274348      41
   305  1  0.00274348      41
   305  2  0.00274348      41
   306  1  0.00274348      41
   306  2  0.00274348      41
   307  1  0.00274348      41
   307  2  0.00274348      41
   308  1  0.00274348      41
   308  2  0.00274348      41
   309  1  0.00274348      41
   309  2  0.00274348      41
   310  1  0.00274348      41
   310  2  0.00274348      41
   311  1  0.00274348      41
   311  2  0.00274348      41
   312  1  0.00274348      41
   312  2  0.00274348      41
   313  1  0.00274348      41
   313  2  0.00274348      41
   314  1  0.00274348      41
   314  2  0.00274348      41
   315  1  0.00274348      41
   315  2  0.00274348      41
   316  1  0.00274348      41
   316  2  0.00274348      41
   317  1  0.00274348      41
   317  2  0.00274348      41
   318  1  0.00274348      41
   318  2  0.00274348      41
   319  1  0.00274348      41
   319  2  0.00274348      41
   320  1  0.00274348      41
   320  2  0.00274348      41
   321  1  0.00274348      41
   321  2  0.00274348      41
   322  1  0.00274348      41
   322  2  0.00274348      41
   323  1  0.00274348      41
   323  2  0.00274348      41
   324  1  0.00274348      41
   324  2  0.00274348      41
   325  1  0.00274348      41
   325  2  0.00274348      41
   326  1  0.00274348      41
   326  2  0.00274348      41
   327  1  0.00274348      41
   327  2  0.00274348      41
   328  1  0.00274348      41
   328  2  0.00274348      41
   329  1  0.00274348      41
   329  2  0.00274348      41
   330  1  0.00274348      41
   330  2  0.00274348      41
   331  1  0.00274348      41
   331  2  0.00274348      41
   332  1  0.00274348      41
   332  2  0.00274348      41
   333  1  0.00274348      41
   333  2  0.00274348      41
   334  1  0.00274348      41
   334  2  0.00274348      41
   335  1  0.00274348      41
   335  2  0.00274348      41
   336  1  0.00274348      41
   336  2  0.00274348      41
   337  1  0.00274348      41
   337  2  0.00274348      41
   338  1  0.00274348      41
   338  2  0.00274348      41
   339  1  0.00274348      41
   339  2  0.00274348      41
   340  1  0.00274348      41
   340  2  0.00274348      41
   341  1  0.00274348      41
   341  2  0.00274348      41
   342  1  0.00274348      41
   342  2  0.00274348      41
   343  1  0.00274348      41
   343  2  0.00274348      41
   344  1  0.00274348      41
   344  2  0.00274348      41
   345  1  0.00274348      41
   345  2  0.00274348      41
   346  1  0.00274348      41
   346  2  0.00274348      41
   347  1  0.00274348      41
   347  2  0.00274348      41
   348  1  0.00274348      41
   348  2  0.00274348      41
   349  1  0.00274348      41
   349  2  0.00274348      41
   350  1  0.00274348      41
   350  2  0.00274348      41
   351  1  0.00274348      41
   351  2  0.00274348      41
   352  1  0.00274348      41
   352  2  0.00274348      41
   353  1  0.00274348      41
   353  2  0.00274348      41
   354  1  0.00274348      41
   354  2  0.00274348      41
   355  1  0.00274348      41
   355  2  0.00274348      41
   356  1  0.00274348      41
   356  2  0.00274348      41
   357  1  0.00274348      41
   357  2  0.00274348      41
   358  1  0.00274348      41
   358  2  0.00274348      41
   359  1  0.00274348      41
   359  2  0.00274348      41
   360  1  0.00274348      41
   360  2  0.00274348      41
   361  1  0.00274348      41
   361  2  0.00274348      41
   362  1  0.00274348      41
   362  2  0.00274348      41
   363  1  0.00274348      41
   363  2  0.00274348      41
   364  1  0.00274348      41
   364  2  0.00274348      41
   365  1  0.00274348      41
   365  2  0.00274348      41
