               -520.4969904731
         -0.000020426      -0.000000000       0.000000000
         -0.000000000      -0.000020426       0.000000000
         -0.000000000       0.000000000      -0.000020426
          12
  1     8      -0.000000000      -0.000000000      -0.000000000  O
  1     8      -0.000000000      -0.000000000      -0.000000000  O
  1     8      -0.000000000      -0.000000000      -0.000000000  O
  1     8      -0.000000000      -0.000000000      -0.000000000  O
  1     8      -0.000000000      -0.000000000      -0.000000000  O
  1     8      -0.000000000      -0.000000000      -0.000000000  O
  1     8      -0.000000000      -0.000000000      -0.000000000  O
  1     8      -0.000000000      -0.000000000      -0.000000000  O
  2    40       0.000000000      -0.000000000       0.000000000  Zr
  2    40       0.000000000       0.000000000       0.000000000  Zr
  2    40       0.000000000      -0.000000000       0.000000000  Zr
  2    40       0.000000000       0.000000000       0.000000000  Zr
