     1  1  0.00274348      44
     1  2  0.00274348      44
     2  1  0.00274348      44
     2  2  0.00274348      44
     3  1  0.00274348      44
     3  2  0.00274348      44
     4  1  0.00274348      44
     4  2  0.00274348      44
     5  1  0.00274348      44
     5  2  0.00274348      44
     6  1  0.00274348      44
     6  2  0.00274348      44
     7  1  0.00274348      44
     7  2  0.00274348      44
     8  1  0.00274348      44
     8  2  0.00274348      44
     9  1  0.00274348      44
     9  2  0.00274348      44
    10  1  0.00274348      44
    10  2  0.00274348      44
    11  1  0.00274348      44
    11  2  0.00274348      44
    12  1  0.00274348      44
    12  2  0.00274348      44
    13  1  0.00274348      44
    13  2  0.00274348      44
    14  1  0.00274348      44
    14  2  0.00274348      44
    15  1  0.00274348      44
    15  2  0.00274348      44
    16  1  0.00274348      44
    16  2  0.00274348      44
    17  1  0.00274348      44
    17  2  0.00274348      44
    18  1  0.00274348      44
    18  2  0.00274348      44
    19  1  0.00274348      44
    19  2  0.00274348      44
    20  1  0.00274348      44
    20  2  0.00274348      44
    21  1  0.00274348      44
    21  2  0.00274348      44
    22  1  0.00274348      44
    22  2  0.00274348      44
    23  1  0.00274348      44
    23  2  0.00274348      44
    24  1  0.00274348      44
    24  2  0.00274348      44
    25  1  0.00274348      44
    25  2  0.00274348      44
    26  1  0.00274348      44
    26  2  0.00274348      44
    27  1  0.00274348      44
    27  2  0.00274348      44
    28  1  0.00274348      44
    28  2  0.00274348      44
    29  1  0.00274348      44
    29  2  0.00274348      44
    30  1  0.00274348      44
    30  2  0.00274348      44
    31  1  0.00274348      44
    31  2  0.00274348      44
    32  1  0.00274348      44
    32  2  0.00274348      44
    33  1  0.00274348      44
    33  2  0.00274348      44
    34  1  0.00274348      44
    34  2  0.00274348      44
    35  1  0.00274348      44
    35  2  0.00274348      44
    36  1  0.00274348      44
    36  2  0.00274348      44
    37  1  0.00274348      44
    37  2  0.00274348      44
    38  1  0.00274348      44
    38  2  0.00274348      44
    39  1  0.00274348      44
    39  2  0.00274348      44
    40  1  0.00274348      44
    40  2  0.00274348      44
    41  1  0.00137174      44
    41  2  0.00137174      44
    42  1  0.00274348      44
    42  2  0.00274348      44
    43  1  0.00274348      44
    43  2  0.00274348      44
    44  1  0.00274348      44
    44  2  0.00274348      44
    45  1  0.00274348      44
    45  2  0.00274348      44
    46  1  0.00274348      44
    46  2  0.00274348      44
    47  1  0.00274348      44
    47  2  0.00274348      44
    48  1  0.00274348      44
    48  2  0.00274348      44
    49  1  0.00274348      44
    49  2  0.00274348      44
    50  1  0.00274348      44
    50  2  0.00274348      44
    51  1  0.00274348      44
    51  2  0.00274348      44
    52  1  0.00274348      44
    52  2  0.00274348      44
    53  1  0.00274348      44
    53  2  0.00274348      44
    54  1  0.00274348      44
    54  2  0.00274348      44
    55  1  0.00274348      44
    55  2  0.00274348      44
    56  1  0.00274348      44
    56  2  0.00274348      44
    57  1  0.00274348      44
    57  2  0.00274348      44
    58  1  0.00274348      44
    58  2  0.00274348      44
    59  1  0.00274348      44
    59  2  0.00274348      44
    60  1  0.00274348      44
    60  2  0.00274348      44
    61  1  0.00274348      44
    61  2  0.00274348      44
    62  1  0.00274348      44
    62  2  0.00274348      44
    63  1  0.00274348      44
    63  2  0.00274348      44
    64  1  0.00274348      44
    64  2  0.00274348      44
    65  1  0.00274348      44
    65  2  0.00274348      44
    66  1  0.00274348      44
    66  2  0.00274348      44
    67  1  0.00274348      44
    67  2  0.00274348      44
    68  1  0.00274348      44
    68  2  0.00274348      44
    69  1  0.00274348      44
    69  2  0.00274348      44
    70  1  0.00274348      44
    70  2  0.00274348      44
    71  1  0.00274348      44
    71  2  0.00274348      44
    72  1  0.00274348      44
    72  2  0.00274348      44
    73  1  0.00274348      44
    73  2  0.00274348      44
    74  1  0.00274348      44
    74  2  0.00274348      44
    75  1  0.00274348      44
    75  2  0.00274348      44
    76  1  0.00274348      44
    76  2  0.00274348      44
    77  1  0.00274348      44
    77  2  0.00274348      44
    78  1  0.00274348      44
    78  2  0.00274348      44
    79  1  0.00274348      44
    79  2  0.00274348      44
    80  1  0.00274348      44
    80  2  0.00274348      44
    81  1  0.00274348      44
    81  2  0.00274348      44
    82  1  0.00274348      44
    82  2  0.00274348      44
    83  1  0.00274348      44
    83  2  0.00274348      44
    84  1  0.00274348      44
    84  2  0.00274348      44
    85  1  0.00274348      44
    85  2  0.00274348      44
    86  1  0.00274348      44
    86  2  0.00274348      44
    87  1  0.00274348      44
    87  2  0.00274348      44
    88  1  0.00274348      44
    88  2  0.00274348      44
    89  1  0.00274348      44
    89  2  0.00274348      44
    90  1  0.00274348      44
    90  2  0.00274348      44
    91  1  0.00274348      44
    91  2  0.00274348      44
    92  1  0.00274348      44
    92  2  0.00274348      44
    93  1  0.00274348      44
    93  2  0.00274348      44
    94  1  0.00274348      44
    94  2  0.00274348      44
    95  1  0.00274348      44
    95  2  0.00274348      44
    96  1  0.00274348      44
    96  2  0.00274348      44
    97  1  0.00274348      44
    97  2  0.00274348      44
    98  1  0.00274348      44
    98  2  0.00274348      44
    99  1  0.00274348      44
    99  2  0.00274348      44
   100  1  0.00274348      44
   100  2  0.00274348      44
   101  1  0.00274348      44
   101  2  0.00274348      44
   102  1  0.00274348      44
   102  2  0.00274348      44
   103  1  0.00274348      44
   103  2  0.00274348      44
   104  1  0.00274348      44
   104  2  0.00274348      44
   105  1  0.00274348      44
   105  2  0.00274348      44
   106  1  0.00274348      44
   106  2  0.00274348      44
   107  1  0.00274348      44
   107  2  0.00274348      44
   108  1  0.00274348      44
   108  2  0.00274348      44
   109  1  0.00274348      44
   109  2  0.00274348      44
   110  1  0.00274348      44
   110  2  0.00274348      44
   111  1  0.00274348      44
   111  2  0.00274348      44
   112  1  0.00274348      44
   112  2  0.00274348      44
   113  1  0.00274348      44
   113  2  0.00274348      44
   114  1  0.00274348      44
   114  2  0.00274348      44
   115  1  0.00274348      44
   115  2  0.00274348      44
   116  1  0.00274348      44
   116  2  0.00274348      44
   117  1  0.00274348      44
   117  2  0.00274348      44
   118  1  0.00274348      44
   118  2  0.00274348      44
   119  1  0.00274348      44
   119  2  0.00274348      44
   120  1  0.00274348      44
   120  2  0.00274348      44
   121  1  0.00274348      44
   121  2  0.00274348      44
   122  1  0.00274348      44
   122  2  0.00274348      44
   123  1  0.00274348      44
   123  2  0.00274348      44
   124  1  0.00274348      44
   124  2  0.00274348      44
   125  1  0.00274348      44
   125  2  0.00274348      44
   126  1  0.00274348      44
   126  2  0.00274348      44
   127  1  0.00274348      44
   127  2  0.00274348      44
   128  1  0.00274348      44
   128  2  0.00274348      44
   129  1  0.00274348      44
   129  2  0.00274348      44
   130  1  0.00274348      44
   130  2  0.00274348      44
   131  1  0.00274348      44
   131  2  0.00274348      44
   132  1  0.00274348      44
   132  2  0.00274348      44
   133  1  0.00274348      44
   133  2  0.00274348      44
   134  1  0.00274348      44
   134  2  0.00274348      44
   135  1  0.00274348      44
   135  2  0.00274348      44
   136  1  0.00274348      44
   136  2  0.00274348      44
   137  1  0.00274348      44
   137  2  0.00274348      44
   138  1  0.00274348      44
   138  2  0.00274348      44
   139  1  0.00274348      44
   139  2  0.00274348      44
   140  1  0.00274348      44
   140  2  0.00274348      44
   141  1  0.00274348      44
   141  2  0.00274348      44
   142  1  0.00274348      44
   142  2  0.00274348      44
   143  1  0.00274348      44
   143  2  0.00274348      44
   144  1  0.00274348      44
   144  2  0.00274348      44
   145  1  0.00274348      44
   145  2  0.00274348      44
   146  1  0.00274348      44
   146  2  0.00274348      44
   147  1  0.00274348      44
   147  2  0.00274348      44
   148  1  0.00274348      44
   148  2  0.00274348      44
   149  1  0.00274348      44
   149  2  0.00274348      44
   150  1  0.00274348      44
   150  2  0.00274348      44
   151  1  0.00274348      44
   151  2  0.00274348      44
   152  1  0.00274348      44
   152  2  0.00274348      44
   153  1  0.00274348      44
   153  2  0.00274348      44
   154  1  0.00274348      44
   154  2  0.00274348      44
   155  1  0.00274348      44
   155  2  0.00274348      44
   156  1  0.00274348      44
   156  2  0.00274348      44
   157  1  0.00274348      44
   157  2  0.00274348      44
   158  1  0.00274348      44
   158  2  0.00274348      44
   159  1  0.00274348      44
   159  2  0.00274348      44
   160  1  0.00274348      44
   160  2  0.00274348      44
   161  1  0.00274348      44
   161  2  0.00274348      44
   162  1  0.00274348      44
   162  2  0.00274348      44
   163  1  0.00274348      44
   163  2  0.00274348      44
   164  1  0.00274348      44
   164  2  0.00274348      44
   165  1  0.00274348      44
   165  2  0.00274348      44
   166  1  0.00274348      44
   166  2  0.00274348      44
   167  1  0.00274348      44
   167  2  0.00274348      44
   168  1  0.00274348      44
   168  2  0.00274348      44
   169  1  0.00274348      44
   169  2  0.00274348      44
   170  1  0.00274348      44
   170  2  0.00274348      44
   171  1  0.00274348      44
   171  2  0.00274348      44
   172  1  0.00274348      44
   172  2  0.00274348      44
   173  1  0.00274348      44
   173  2  0.00274348      44
   174  1  0.00274348      44
   174  2  0.00274348      44
   175  1  0.00274348      44
   175  2  0.00274348      44
   176  1  0.00274348      44
   176  2  0.00274348      44
   177  1  0.00274348      44
   177  2  0.00274348      44
   178  1  0.00274348      44
   178  2  0.00274348      44
   179  1  0.00274348      44
   179  2  0.00274348      44
   180  1  0.00274348      44
   180  2  0.00274348      44
   181  1  0.00274348      44
   181  2  0.00274348      44
   182  1  0.00274348      44
   182  2  0.00274348      44
   183  1  0.00274348      44
   183  2  0.00274348      44
   184  1  0.00274348      44
   184  2  0.00274348      44
   185  1  0.00274348      44
   185  2  0.00274348      44
   186  1  0.00274348      44
   186  2  0.00274348      44
   187  1  0.00274348      44
   187  2  0.00274348      44
   188  1  0.00274348      44
   188  2  0.00274348      44
   189  1  0.00274348      44
   189  2  0.00274348      44
   190  1  0.00274348      44
   190  2  0.00274348      44
   191  1  0.00274348      44
   191  2  0.00274348      44
   192  1  0.00274348      44
   192  2  0.00274348      44
   193  1  0.00274348      44
   193  2  0.00274348      44
   194  1  0.00274348      44
   194  2  0.00274348      44
   195  1  0.00274348      44
   195  2  0.00274348      44
   196  1  0.00274348      44
   196  2  0.00274348      44
   197  1  0.00274348      44
   197  2  0.00274348      44
   198  1  0.00274348      44
   198  2  0.00274348      44
   199  1  0.00274348      44
   199  2  0.00274348      44
   200  1  0.00274348      44
   200  2  0.00274348      44
   201  1  0.00274348      44
   201  2  0.00274348      44
   202  1  0.00274348      44
   202  2  0.00274348      44
   203  1  0.00274348      44
   203  2  0.00274348      44
   204  1  0.00274348      44
   204  2  0.00274348      44
   205  1  0.00274348      44
   205  2  0.00274348      44
   206  1  0.00274348      44
   206  2  0.00274348      44
   207  1  0.00274348      44
   207  2  0.00274348      44
   208  1  0.00274348      44
   208  2  0.00274348      44
   209  1  0.00274348      44
   209  2  0.00274348      44
   210  1  0.00274348      44
   210  2  0.00274348      44
   211  1  0.00274348      44
   211  2  0.00274348      44
   212  1  0.00274348      44
   212  2  0.00274348      44
   213  1  0.00274348      44
   213  2  0.00274348      44
   214  1  0.00274348      44
   214  2  0.00274348      44
   215  1  0.00274348      44
   215  2  0.00274348      44
   216  1  0.00274348      44
   216  2  0.00274348      44
   217  1  0.00274348      44
   217  2  0.00274348      44
   218  1  0.00274348      44
   218  2  0.00274348      44
   219  1  0.00274348      44
   219  2  0.00274348      44
   220  1  0.00274348      44
   220  2  0.00274348      44
   221  1  0.00274348      44
   221  2  0.00274348      44
   222  1  0.00274348      44
   222  2  0.00274348      44
   223  1  0.00274348      44
   223  2  0.00274348      44
   224  1  0.00274348      44
   224  2  0.00274348      44
   225  1  0.00274348      44
   225  2  0.00274348      44
   226  1  0.00274348      44
   226  2  0.00274348      44
   227  1  0.00274348      44
   227  2  0.00274348      44
   228  1  0.00274348      44
   228  2  0.00274348      44
   229  1  0.00274348      44
   229  2  0.00274348      44
   230  1  0.00274348      44
   230  2  0.00274348      44
   231  1  0.00274348      44
   231  2  0.00274348      44
   232  1  0.00274348      44
   232  2  0.00274348      44
   233  1  0.00274348      44
   233  2  0.00274348      44
   234  1  0.00274348      44
   234  2  0.00274348      44
   235  1  0.00274348      44
   235  2  0.00274348      44
   236  1  0.00274348      44
   236  2  0.00274348      44
   237  1  0.00274348      44
   237  2  0.00274348      44
   238  1  0.00274348      44
   238  2  0.00274348      44
   239  1  0.00274348      44
   239  2  0.00274348      44
   240  1  0.00274348      44
   240  2  0.00274348      44
   241  1  0.00274348      44
   241  2  0.00274348      44
   242  1  0.00274348      44
   242  2  0.00274348      44
   243  1  0.00274348      44
   243  2  0.00274348      44
   244  1  0.00274348      44
   244  2  0.00274348      44
   245  1  0.00274348      44
   245  2  0.00274348      44
   246  1  0.00274348      44
   246  2  0.00274348      44
   247  1  0.00274348      44
   247  2  0.00274348      44
   248  1  0.00274348      44
   248  2  0.00274348      44
   249  1  0.00274348      44
   249  2  0.00274348      44
   250  1  0.00274348      44
   250  2  0.00274348      44
   251  1  0.00274348      44
   251  2  0.00274348      44
   252  1  0.00274348      44
   252  2  0.00274348      44
   253  1  0.00274348      44
   253  2  0.00274348      44
   254  1  0.00274348      44
   254  2  0.00274348      44
   255  1  0.00274348      44
   255  2  0.00274348      44
   256  1  0.00274348      44
   256  2  0.00274348      44
   257  1  0.00274348      44
   257  2  0.00274348      44
   258  1  0.00274348      44
   258  2  0.00274348      44
   259  1  0.00274348      44
   259  2  0.00274348      44
   260  1  0.00274348      44
   260  2  0.00274348      44
   261  1  0.00274348      44
   261  2  0.00274348      44
   262  1  0.00274348      44
   262  2  0.00274348      44
   263  1  0.00274348      44
   263  2  0.00274348      44
   264  1  0.00274348      44
   264  2  0.00274348      44
   265  1  0.00274348      44
   265  2  0.00274348      44
   266  1  0.00274348      44
   266  2  0.00274348      44
   267  1  0.00274348      44
   267  2  0.00274348      44
   268  1  0.00274348      44
   268  2  0.00274348      44
   269  1  0.00274348      44
   269  2  0.00274348      44
   270  1  0.00274348      44
   270  2  0.00274348      44
   271  1  0.00274348      44
   271  2  0.00274348      44
   272  1  0.00274348      44
   272  2  0.00274348      44
   273  1  0.00274348      44
   273  2  0.00274348      44
   274  1  0.00274348      44
   274  2  0.00274348      44
   275  1  0.00274348      44
   275  2  0.00274348      44
   276  1  0.00274348      44
   276  2  0.00274348      44
   277  1  0.00274348      44
   277  2  0.00274348      44
   278  1  0.00274348      44
   278  2  0.00274348      44
   279  1  0.00274348      44
   279  2  0.00274348      44
   280  1  0.00274348      44
   280  2  0.00274348      44
   281  1  0.00274348      44
   281  2  0.00274348      44
   282  1  0.00274348      44
   282  2  0.00274348      44
   283  1  0.00274348      44
   283  2  0.00274348      44
   284  1  0.00274348      44
   284  2  0.00274348      44
   285  1  0.00274348      44
   285  2  0.00274348      44
   286  1  0.00274348      44
   286  2  0.00274348      44
   287  1  0.00274348      44
   287  2  0.00274348      44
   288  1  0.00274348      44
   288  2  0.00274348      44
   289  1  0.00274348      44
   289  2  0.00274348      44
   290  1  0.00274348      44
   290  2  0.00274348      44
   291  1  0.00274348      44
   291  2  0.00274348      44
   292  1  0.00274348      44
   292  2  0.00274348      44
   293  1  0.00274348      44
   293  2  0.00274348      44
   294  1  0.00274348      44
   294  2  0.00274348      44
   295  1  0.00274348      44
   295  2  0.00274348      44
   296  1  0.00274348      44
   296  2  0.00274348      44
   297  1  0.00274348      44
   297  2  0.00274348      44
   298  1  0.00274348      44
   298  2  0.00274348      44
   299  1  0.00274348      44
   299  2  0.00274348      44
   300  1  0.00274348      44
   300  2  0.00274348      44
   301  1  0.00274348      44
   301  2  0.00274348      44
   302  1  0.00274348      44
   302  2  0.00274348      44
   303  1  0.00274348      44
   303  2  0.00274348      44
   304  1  0.00274348      44
   304  2  0.00274348      44
   305  1  0.00274348      44
   305  2  0.00274348      44
   306  1  0.00274348      44
   306  2  0.00274348      44
   307  1  0.00274348      44
   307  2  0.00274348      44
   308  1  0.00274348      44
   308  2  0.00274348      44
   309  1  0.00274348      44
   309  2  0.00274348      44
   310  1  0.00274348      44
   310  2  0.00274348      44
   311  1  0.00274348      44
   311  2  0.00274348      44
   312  1  0.00274348      44
   312  2  0.00274348      44
   313  1  0.00274348      44
   313  2  0.00274348      44
   314  1  0.00274348      44
   314  2  0.00274348      44
   315  1  0.00274348      44
   315  2  0.00274348      44
   316  1  0.00274348      44
   316  2  0.00274348      44
   317  1  0.00274348      44
   317  2  0.00274348      44
   318  1  0.00274348      44
   318  2  0.00274348      44
   319  1  0.00274348      44
   319  2  0.00274348      44
   320  1  0.00274348      44
   320  2  0.00274348      44
   321  1  0.00274348      44
   321  2  0.00274348      44
   322  1  0.00274348      44
   322  2  0.00274348      44
   323  1  0.00274348      44
   323  2  0.00274348      44
   324  1  0.00274348      44
   324  2  0.00274348      44
   325  1  0.00274348      44
   325  2  0.00274348      44
   326  1  0.00274348      44
   326  2  0.00274348      44
   327  1  0.00274348      44
   327  2  0.00274348      44
   328  1  0.00274348      44
   328  2  0.00274348      44
   329  1  0.00274348      44
   329  2  0.00274348      44
   330  1  0.00274348      44
   330  2  0.00274348      44
   331  1  0.00274348      44
   331  2  0.00274348      44
   332  1  0.00274348      44
   332  2  0.00274348      44
   333  1  0.00274348      44
   333  2  0.00274348      44
   334  1  0.00274348      44
   334  2  0.00274348      44
   335  1  0.00274348      44
   335  2  0.00274348      44
   336  1  0.00274348      44
   336  2  0.00274348      44
   337  1  0.00274348      44
   337  2  0.00274348      44
   338  1  0.00274348      44
   338  2  0.00274348      44
   339  1  0.00274348      44
   339  2  0.00274348      44
   340  1  0.00274348      44
   340  2  0.00274348      44
   341  1  0.00274348      44
   341  2  0.00274348      44
   342  1  0.00274348      44
   342  2  0.00274348      44
   343  1  0.00274348      44
   343  2  0.00274348      44
   344  1  0.00274348      44
   344  2  0.00274348      44
   345  1  0.00274348      44
   345  2  0.00274348      44
   346  1  0.00274348      44
   346  2  0.00274348      44
   347  1  0.00274348      44
   347  2  0.00274348      44
   348  1  0.00274348      44
   348  2  0.00274348      44
   349  1  0.00274348      44
   349  2  0.00274348      44
   350  1  0.00274348      44
   350  2  0.00274348      44
   351  1  0.00274348      44
   351  2  0.00274348      44
   352  1  0.00274348      44
   352  2  0.00274348      44
   353  1  0.00274348      44
   353  2  0.00274348      44
   354  1  0.00274348      44
   354  2  0.00274348      44
   355  1  0.00274348      44
   355  2  0.00274348      44
   356  1  0.00274348      44
   356  2  0.00274348      44
   357  1  0.00274348      44
   357  2  0.00274348      44
   358  1  0.00274348      44
   358  2  0.00274348      44
   359  1  0.00274348      44
   359  2  0.00274348      44
   360  1  0.00274348      44
   360  2  0.00274348      44
   361  1  0.00274348      44
   361  2  0.00274348      44
   362  1  0.00274348      44
   362  2  0.00274348      44
   363  1  0.00274348      44
   363  2  0.00274348      44
   364  1  0.00274348      44
   364  2  0.00274348      44
   365  1  0.00274348      44
   365  2  0.00274348      44
